Accuracy:0.5204081632653061
Precision:0.535175879396985
Recall:0.5272277227722773
F1-score:0.5311720698254365
